290120.853271
290120.853271
290120.853271
290120.853271
290120.853271
290120.853271
290120.853271
290120.853271
290120.853271
290120.853271
2143149.05865
3553308.13188
5676015.3784
3468627.11671
3518397.9568
3469615.3105
3627780.73552
3587474.89242
3502176.49583
3463588.94025
3630067.31728
3575782.31114
2316450.96303
2291176.59649
2310593.99962
2335048.86347
2261908.31063
2250642.13584
2248816.18467
2231299.19488
2234083.7917
2223586.53511
2209533.84699
2193160.62052
2173579.75564
2178862.40591
2152042.42374
2229010.61693
2206653.23408
2169976.54522
2143190.09092
2130665.50265
2203448.76553
2188125.2901
2236436.24039
2185492.18146
2145380.29504
2184760.52026
2223623.37972
2179689.89979
1547964.1888
1528216.08206
1538018.87855
1547727.99913
1540581.40244
1533054.7252
1516482.69487
1515129.61361
1519235.98791
1507208.04622
1484241.31404
1476634.07308
1479110.60187
1490852.49589
1495727.0535
1482193.23296
1467835.05812
1470852.87517
1599168.80292
1448936.88502
1418929.29963
1406142.00759
1427774.01491
1435467.40192
1411216.56082
1388174.35291
1375488.36106
1398730.01276
1421313.31062
1402355.77431
1376732.00181
1363986.59556
1381006.0058
1391902.55082
1372489.03235
1349326.98648
1335928.90793
3301682.15902
3309538.98249
3292939.06421
3267924.80401
3246327.39086
3289627.96133
3265455.25591
3242977.8984
3226144.34581
3234837.87688
3237134.42236
3225641.71633
3228758.82648
3211464.25365
3196685.57159
3183158.07455
3158842.52077
3161049.65171
3188546.13724
3165843.42777
3140602.86276
3117816.47079
3124645.60144
3132218.16033
2571404.00205
2560959.79639
2361936.18235
2350471.22778
2344615.93786
2344220.38312
2341211.94334
2332566.60994
2325034.93693
2321676.69721
2322524.97242
2037327.3224
1881052.03074
1765151.31483
1766427.23635
1764241.36628
1731260.89119
1723420.11279
1711361.86003
1701436.47043
1599526.80078
1590355.18399
1588100.82356
1587806.7146
1582852.70918
1574805.79551
1563622.36429
1554876.03385
1580372.06612
1573218.43946
1565865.86885
1560397.5416
1556031.69443
1550331.57574
1548196.45557
1542545.87264
1537069.05868
1531855.1188
1535005.82086
1534281.24402
1527766.41901
1521029.07225
1506246.96647
1513164.71225
1520266.97405
1512668.66066
1500518.62051
1489635.54631
1491576.18816
1502312.12372
1505627.65582
1495951.86543
1477788.29162
1505380.54944
1499787.5139
1483250.87405
1476942.55751
3274587.75754
3276896.30835
3269530.41096
3252048.98567
2928717.12621
2921265.89006
2842655.87345
2823017.98601
2801569.69526
2779346.5876
2771638.60825
2798995.49897
2773946.36225
2772082.89322
2785426.2851
2786789.79464
2762299.31454
2741923.81163
2727937.02233
2747206.09122
2586766.74899
2638059.35557
2183592.58515
2095973.24686
2097564.53705
2103541.13957
2093851.62901
2073114.13945
1970944.618
1961131.33993
1959367.66684
1963761.03533
1961009.35133
1952113.24864
1943470.04062
1938358.6318
1937091.76224
1935574.5853
1928317.56836
1919808.33252
1897774.06976
1893342.63502
1890588.39715
1889644.55438
1889929.97865
1888728.61776
1883764.31004
1879799.6836
1877324.4615
1733907.08533
1729212.88154
1676822.92935
1672585.56502
1667236.346
1667058.0303
1664209.7208
1662047.4315
1658866.98722
1407156.80141
1404332.2885
1403510.7068
1404386.24348
1404089.84171
1400759.71771
1397693.11486
1396502.12761
1391057.89053
1388685.09201
1386741.30522
1382106.89023
1377714.25823
1373256.5089
1375911.29845
1372039.69102
1368589.04609
1366493.5843
1365350.54528
1364585.752
1363175.87041
1360459.78192
1357110.34076
1354724.08571
1347645.5418
1344253.42179
1339146.31416
1329026.24785
1324448.76832
1322618.62166
1321486.00316
1319598.65902
1316017.47641
1316914.16361
1315556.26983
1314769.00882
1312311.91266
1310138.38741
1305950.78118
1302708.82359
1300244.88978
1297361.50821
1294499.00639
2401985.82735
2085886.58857
2082507.20602
2078572.65296
2070927.25177
2035755.41862
2029050.97439
2023693.60731
2019413.28083
2015085.25687
2010198.84744
2005858.29606
2001088.5245
1997605.87347
1994405.02447
1991356.15974
1896199.08022
1894346.32482
1891733.98031
1890244.69905
1888911.1615
1887842.06533
1884903.87155
1880756.26213
1875734.63633
1864894.32448
1860953.57879
1854909.33733
1812818.84853
1808007.92139
1804700.52398
1802562.68977
1799824.35118
1796033.3309
1791860.03807
1788503.38025
1783388.50852
1778228.49803
1775952.38588
1772238.93666
1766823.80593
1760946.43965
1756918.27492
1750400.15111
1744813.27269
1741193.6576
1737961.80223
1734024.92064
1731575.42644
1727508.6758
1728124.3967
1727981.77655
1725457.69336
1722554.62038
1718786.48284
1715928.36411
1712493.60659
1708011.96345
1703981.62607
1699971.13945
1695661.35219
1690428.83069
1687786.5081
1681952.24373
1249939.47906
1244751.42823
1241785.85492
1241206.18934
1207824.00435
1206149.89754
1171916.04098
1167204.92903
1162227.48935
1159171.41823
1155778.39023
1151832.85449
1133045.61668
1130058.22508
1128147.69903
1126976.11438
1124739.9116
1013930.97499
1010430.46265
1007452.76847
1006894.11054
1003421.53976
935931.68198
934426.322597
912250.306928
913314.072248
911495.758708
909921.607912
908832.364704
907873.349756
906422.709912
903489.193741
901180.21311
900602.301151
900593.114559
899415.939576
884304.098163
881503.450217
877983.723125
875636.173585
877009.608787
874889.632041
872066.370307
859408.799129
858002.28633
856415.914018
854888.954597
854912.935672
853382.81644
851174.574832
850619.185836
849228.096036
848876.578987
848686.444833
848576.496394
845764.018483
843791.830774
841356.559627
839675.225851
840515.708829
838100.209802
837062.31773
836292.182687
834776.983839
832765.220999
767798.924781
766293.877223
766583.964182
764779.471889
763187.630951
762448.103157
762003.602309
761655.205367
763337.62587
762098.830505
758849.858149
756915.968822
720829.806271
637901.711635
635247.596718
632080.306125
631807.955589
632459.671192
633000.037263
634015.202884
631741.461808
628794.925408
628443.422084
618391.050779
617631.21609
616320.081873
615288.988543
605224.078941
599416.031892
598879.483485
578702.713619
577304.302943
576124.858151
574180.608947
573660.52773
572010.062989
571384.072899
571449.889089
571133.272987
570129.916502
568910.798249
569868.487786
569583.61573
569076.197959
567945.09865
567608.713718
566774.61527
564760.31934
562758.748787
561957.219926
563069.18409
561792.239196
559831.786626
553119.039278
552256.706328
551046.964017
550626.399472
550319.081991
550856.627193
549751.466544
548397.916525
547264.372034
546861.648689
543027.704026
542401.263444
541325.362222
539974.29581
539409.739384
538155.104217
537352.547647
536920.93982
533046.627989
531308.765621
530455.107574
528028.712454
522651.183709
521867.689841
522089.515292
521061.298693
520236.911946
519671.141957
519121.925186
517983.909386
516611.220403
516163.861469
482752.614284
481897.302392
480500.696608
479455.191278
478781.695608
478952.721392
466184.515803
466435.805477
460530.363952
460450.284427
460425.772733
459714.687514
460061.815887
459780.575259
458969.84155
458601.198647
457631.28029
456536.771984
455580.167809
454833.841622
453844.983842
453508.531902
452980.531358
453299.413837
452683.485911
451791.826956
450812.386122
450218.183165
449717.462708
449344.913152
449580.113472
449343.283914
449157.083765
448201.450574
447280.128901
446823.23388
446678.032392
446625.562727
445858.111977
445071.605822
445055.82562
444918.292063
444201.594565
442887.155321
442359.961441
442892.131442
442082.375797
440742.023718
439995.399904
440244.769285
439902.732416
438690.270656
437699.436934
437298.83786
436831.772103
439016.602776
437726.976563
437306.562908
436980.177759
436587.919117
436142.786622
436857.409373
436506.672974
435803.289771
434910.987205
434119.937791
434292.105702
433956.542665
434233.472048
433482.103519
432550.048133
431722.662157
430990.244395
430043.294798
429128.16925
428790.077605
428845.761464
428267.710151
427904.825004
427166.452484
290120.853271
290120.853271
290120.853271
290120.853271
290120.853271
290120.853271
290120.853271
290120.853271
290120.853271
290120.853271
290120.853271
290120.853271
290120.853271
290120.853271
290120.853271
290120.853271
290120.853271
290120.853271
290120.853271
290120.853271
290120.853271
290120.853271
290120.853271
290120.853271
290120.853271
290120.853271
290120.853271
290120.853271
290120.853271
290120.853271
290120.853271
290120.853271
290120.853271
290120.853271
290120.853271
290120.853271
290120.853271
290120.853271
