290120.853271
290120.853271
290120.853271
290120.853271
290120.853271
290120.853271
290120.853271
2923720.62243
4212056.32374
4144418.68324
4033293.28917
4051339.85839
4152020.94135
4180352.88959
4113888.44114
4008740.04094
4216195.84923
4216764.33221
4171460.16541
4321029.03955
4240143.46528
4276413.26313
4462569.21656
4389943.13204
4312958.07984
4337025.24311
4508795.13595
4474268.89218
4391680.489
4526983.81149
4460365.94463
4711199.7899
4650449.90709
4678137.54593
4840837.78747
4751276.92253
4760848.97715
4756674.11955
4874253.82651
4872195.54533
4850453.21144
4890036.44141
4971368.85732
4955813.313
4932847.26313
5143743.69412
5088889.94093
5044410.91958
5139428.03674
5211140.38637
5205041.29195
5218834.83093
5351416.81361
5274719.16691
5215421.65355
6546570.16471
6516840.71852
6471108.81712
6464620.907
6725566.4436
6614955.56957
6741259.69856
6894329.30229
6765269.23195
7059982.42184
7035016.40448
6978854.97561
7287093.35512
7359955.83868
7309118.66274
7629550.3228
7568802.34085
7758396.99298
7722305.85337
7759806.8907
7777031.26315
7783998.9625
7946607.29979
7935156.08357
7924888.08762
7953845.84187
7942687.49443
7985397.23138
7987142.24044
7869939.18235
8230002.64505
8163183.53575
8246664.20603
8156364.53523
8405862.88581
8361802.24554
8270310.26831
8520014.61541
8362645.81184
8740268.05576
8607328.02002
9099087.05322
9032592.82965
9207081.90946
9137286.75493
9661943.58965
11078511.941
11496242.6172
11379134.4229
11425663.3905
11401272.6243
11476888.3094
11448976.5937
11698613.2642
11515804.9466
11659156.886
11588669.4281
11573574.1252
11671203.0376
11701267.4429
11637811.9666
11547340.5587
11786025.9221
11792804.8611
11809332.698
11857965.7836
11838984.6196
11909115.0977
11970468.8228
11953996.0656
11939017.8883
11929674.6493
12011509.7012
12013878.8133
12004012.0752
11995745.5154
11980601.8319
12071795.4988
12046970.6029
12161738.3004
12102755.0129
12181762.9947
12168396.2896
12164327.2465
12165690.7673
12242687.0948
12190588.5224
12171937.6758
13137709.7753
13169458.8094
13111657.8008
13248039.6213
13284620.7251
13215369.7899
13534650.9918
13635954.459
13578726.9992
13776177.3092
13893507.0551
14102425.9366
14026592.116
14418755.0918
14287631.9978
14566563.0205
14459738.1595
15138168.385
14951517.9623
15300124.5151
15449295.6183
15493651.0266
15690413.2918
15639740.2176
15602560.4086
15767528.8576
15795834.85
15725412.5106
15656530.7616
15712774.7477
15787139.3226
15779254.478
15731329.8155
15693135.6871
15708311.3928
15400275.4187
15357321.7692
15310757.6783
15310078.5138
15362653.3359
15389203.2191
15355465.7076
15305996.9238
15420334.6402
15419925.19
15394998.8976
15364572.4202
15507745.2999
15589374.677
15511772.4016
15500858.3579
15538866.5885
15661681.1173
15586915.5336
15536321.5009
15703960.9192
15709642.7396
15676260.3873
15819389.4738
15718007.6149
15841171.3801
15930667.9206
15995756.5134
15923856.5808
15901207.1941
16009426.6451
15854885.4711
16057974.1657
16016695.1109
15971981.9124
16238542.2801
16186080.9797
16307234.8871
16352855.2137
16290989.3679
16329696.9107
16377416.6429
16405673.9594
16369701.4358
16470118.2645
16494934.713
16452038.1764
16624306.395
16577063.2266
16616263.4698
16661647.4481
16555159.0524
16591506.582
16809239.9912
16734917.8695
16784495.4343
16705134.6252
16788009.1422
16831753.0524
16789582.66
17064555.5996
17096237.7775
17030093.8649
17150366.3941
17156819.7586
17155495.1686
17232276.9681
17247974.6132
17206103.9981
17248049.1905
17357395.6758
17557284.917
17481031.6633
17583455.3547
17873661.3157
17846268.8543
17885951.8375
17993281.7072
17934917.6717
18197253.0344
18111639.3695
18904239.7253
18860163.0916
18961002.4097
19154312.1603
19045948.5211
19344833.156
19387358.8603
19436596.4922
19621956.5068
19499548.3912
19687381.8879
19754889.0332
19611042.9781
19798605.5674
19777103.9627
20302838.5573
20221270.3026
20489038.9311
20396380.6495
20501322.851
20428513.3615
20572064.65
20611920.0672
20716806.4671
20631328.8132
20750500.7047
21356473.5277
21156000.429
21310040.8536
21150817.4208
21182237.6471
21975362.7235
21702301.8867
21603298.7471
22280910.5031
22322358.6358
22577326.1497
22879103.7242
22884553.9228
22769863.6466
23024889.8543
23236201.0258
23049210.0283
23063179.007
23325963.8078
23301213.1206
23359654.1183
23450650.8299
23322730.7962
23601635.9098
23554863.6824
24101646.9042
23972034.4834
23818093.8508
23829816.5747
24071073.565
24041025.3097
24090266.7798
24371375.1653
24329175.9057
24326896.7342
24814961.0574
24903897.5231
24765844.7138
25130436.06
25069309.8511
24872299.7368
25366325.8543
25337184.7062
290120.853271
290120.853271
290120.853271
290120.853271
290120.853271
290120.853271
290120.853271
290120.853271
290120.853271
290120.853271
290120.853271
290120.853271
290120.853271
290120.853271
290120.853271
290120.853271
290120.853271
290120.853271
290120.853271
290120.853271
290120.853271
290120.853271
290120.853271
290120.853271
290120.853271
290120.853271
290120.853271
290120.853271
290120.853271
290120.853271
290120.853271
290120.853271
290120.853271
290120.853271
290120.853271
290120.853271
290120.853271
290120.853271
290120.853271
290120.853271
290120.853271
290120.853271
290120.853271
290120.853271
290120.853271
290120.853271
290120.853271
290120.853271
290120.853271
290120.853271
290120.853271
290120.853271
290120.853271
290120.853271
290120.853271
290120.853271
290120.853271
290120.853271
290120.853271
290120.853271
290120.853271
290120.853271
290120.853271
290120.853271
290120.853271
290120.853271
290120.853271
290120.853271
290120.853271
290120.853271
290120.853271
290120.853271
290120.853271
290120.853271
290120.853271
290120.853271
290120.853271
290120.853271
290120.853271
290120.853271
290120.853271
290120.853271
290120.853271
290120.853271
290120.853271
290120.853271
290120.853271
290120.853271
290120.853271
290120.853271
290120.853271
290120.853271
290120.853271
290120.853271
290120.853271
290120.853271
290120.853271
290120.853271
290120.853271
290120.853271
290120.853271
290120.853271
290120.853271
290120.853271
290120.853271
290120.853271
290120.853271
290120.853271
290120.853271
290120.853271
290120.853271
290120.853271
290120.853271
290120.853271
290120.853271
290120.853271
290120.853271
290120.853271
290120.853271
290120.853271
290120.853271
290120.853271
290120.853271
290120.853271
290120.853271
290120.853271
290120.853271
290120.853271
290120.853271
290120.853271
290120.853271
290120.853271
290120.853271
290120.853271
290120.853271
290120.853271
290120.853271
290120.853271
290120.853271
290120.853271
290120.853271
290120.853271
290120.853271
290120.853271
290120.853271
290120.853271
290120.853271
290120.853271
290120.853271
290120.853271
290120.853271
290120.853271
290120.853271
290120.853271
290120.853271
290120.853271
290120.853271
290120.853271
290120.853271
290120.853271
290120.853271
290120.853271
290120.853271
290120.853271
290120.853271
290120.853271
290120.853271
290120.853271
290120.853271
290120.853271
290120.853271
290120.853271
290120.853271
290120.853271
290120.853271
290120.853271
290120.853271
290120.853271
290120.853271
290120.853271
290120.853271
290120.853271
290120.853271
290120.853271
290120.853271
290120.853271
290120.853271
290120.853271
290120.853271
290120.853271
290120.853271
290120.853271
290120.853271
290120.853271
290120.853271
290120.853271
290120.853271
290120.853271
290120.853271
290120.853271
290120.853271
290120.853271
290120.853271
290120.853271
290120.853271
290120.853271
290120.853271
290120.853271
290120.853271
290120.853271
290120.853271
290120.853271
290120.853271
290120.853271
290120.853271
290120.853271
290120.853271
290120.853271
290120.853271
290120.853271
290120.853271
290120.853271
290120.853271
290120.853271
290120.853271
290120.853271
290120.853271
290120.853271
290120.853271
290120.853271
290120.853271
290120.853271
290120.853271
290120.853271
290120.853271
290120.853271
290120.853271
290120.853271
