290120.853271
290120.853271
290120.853271
290120.853271
290120.853271
290120.853271
290120.853271
290120.853271
290120.853271
290120.853271
290120.853271
290120.853271
290120.853271
290120.853271
290120.853271
290120.853271
290120.853271
290120.853271
290120.853271
290120.853271
290120.853271
290120.853271
290120.853271
290120.853271
290120.853271
290120.853271
290120.853271
290120.853271
290120.853271
639533.02934
1406279.33788
2148014.22716
2964728.77004
2881296.01414
2826193.54108
2878415.23546
2935675.21435
2888469.95967
2345757.97093
2318608.56817
2438855.12259
2400782.34838
2134096.24766
2277728.99621
2038113.56816
1994903.12854
1985169.57516
2002789.25659
2004204.4099
1972480.4094
1953127.85085
1918574.04457
1929971.52089
1905774.49789
1838162.4513
1821659.8625
1846506.63352
1741050.20746
1715561.69239
1715219.31261
1741307.17996
1713017.58249
1704302.05134
1705744.63675
1715512.50154
1711898.31563
1692556.39758
1655447.71528
1675554.24373
1703112.95874
1682514.40375
1470064.27738
1478805.90408
1493048.91482
1473265.71805
1452274.44936
1437727.12497
1431655.95175
1430434.74716
1417909.40254
1264261.43048
1276525.09512
1289332.73789
1273216.23828
1261053.94711
1243554.31586
1243557.51485
1259444.40405
1256779.2897
1241730.42076
1214026.07178
1253171.7818
1248021.2426
1231287.3448
1209911.83135
1209191.36045
1203604.82671
1195669.49409
1186832.36874
1177176.73374
1168683.09069
1160396.37832
1155704.49406
1176684.07772
1171955.89709
1163181.34944
1155390.14458
1149280.5694
1142889.57961
1136065.16222
1128062.32033
1134265.38666
1129625.00285
1131077.18869
1134669.43692
1124093.19202
1089028.99443
1066851.05367
1075388.51975
1096758.62935
1085272.22099
1060030.55366
1037106.16539
1034411.8096
1045529.74043
1035447.60688
1020457.16241
1002074.12308
1006301.28408
1023550.43709
1024686.29164
1009266.2084
993265.654066
993059.64754
1010648.17076
1013445.80141
996786.055939
981354.281778
980231.143216
992941.671051
997130.510586
974761.593586
972412.272026
968597.6136
926294.355358
924666.490514
923599.974133
921297.432103
902978.331237
897649.10605
892353.246432
885634.387587
879453.012043
892196.90208
889462.736691
893197.959237
893426.251086
876604.624646
871519.691657
865178.883433
860387.756167
855970.637787
853241.225124
858784.953436
857947.048635
852618.684454
841679.167992
809725.434975
846090.397505
846954.903058
838505.455163
829662.034672
819777.775784
824148.246298
835491.604359
830580.800079
732907.877134
723586.469927
727183.645442
735110.852623
735142.700521
725020.283729
712646.003527
712176.195801
722369.110002
726271.120813
652604.593982
646409.799736
650415.025482
654445.566537
649483.915075
646039.634591
640011.512827
640791.292407
644266.573149
642252.650656
593849.401024
599118.209614
602727.342087
599027.695244
592676.513675
588170.914881
588369.898221
590966.194624
591387.805912
587223.407797
553611.651206
554555.715619
555310.040464
554167.020016
550525.374978
547055.617515
542382.684087
542257.990375
546133.723866
290120.853271
290120.853271
290120.853271
290120.853271
290120.853271
290120.853271
290120.853271
290120.853271
290120.853271
290120.853271
290120.853271
290120.853271
290120.853271
290120.853271
290120.853271
290120.853271
290120.853271
290120.853271
290120.853271
290120.853271
290120.853271
290120.853271
290120.853271
290120.853271
290120.853271
290120.853271
290120.853271
290120.853271
290120.853271
290120.853271
290120.853271
290120.853271
290120.853271
290120.853271
290120.853271
290120.853271
290120.853271
290120.853271
290120.853271
290120.853271
290120.853271
290120.853271
290120.853271
290120.853271
290120.853271
290120.853271
290120.853271
290120.853271
290120.853271
290120.853271
290120.853271
290120.853271
290120.853271
290120.853271
290120.853271
290120.853271
290120.853271
290120.853271
290120.853271
290120.853271
290120.853271
290120.853271
290120.853271
290120.853271
290120.853271
290120.853271
290120.853271
290120.853271
290120.853271
290120.853271
290120.853271
290120.853271
290120.853271
290120.853271
290120.853271
290120.853271
290120.853271
290120.853271
290120.853271
290120.853271
290120.853271
290120.853271
290120.853271
290120.853271
290120.853271
290120.853271
290120.853271
290120.853271
290120.853271
290120.853271
290120.853271
290120.853271
290120.853271
290120.853271
290120.853271
290120.853271
290120.853271
290120.853271
290120.853271
290120.853271
290120.853271
290120.853271
290120.853271
290120.853271
290120.853271
290120.853271
290120.853271
290120.853271
290120.853271
290120.853271
290120.853271
290120.853271
290120.853271
290120.853271
290120.853271
290120.853271
290120.853271
290120.853271
290120.853271
290120.853271
290120.853271
290120.853271
2162572.37018
4135746.81792
5844522.4045
5700724.1504
5638435.73285
5764992.2936
5890307.79886
5798429.00469
5679602.06382
5867098.08852
5836233.26778
6079254.29533
6011907.79045
6180550.6576
6055532.27926
6162138.77714
6232962.66172
6212404.36196
6150181.20299
6302657.63138
6283363.58254
6250252.45884
6410019.81104
6338745.72458
6423952.5047
6553104.98305
6543318.56345
6695063.24235
6616981.40948
6597823.35936
6790229.1571
6699265.31281
6686771.80546
6872108.13385
6957955.73414
6827662.20014
7152837.56073
7101991.86078
7035144.51963
7277658.03712
7251689.63608
7246293.21039
7551741.61247
7392097.28375
7504561.20119
7561318.13518
7570692.65323
7497349.76254
7463134.74401
7834193.42054
7709470.46828
7956397.78334
7967354.05388
7969667.85481
7920153.09046
7914115.00446
8125074.70099
8164370.69548
8264117.31994
8271823.18024
8446816.82318
8436213.64397
8464817.87418
8645539.38336
8559432.62759
8658799.06698
8791570.9583
8791160.23974
8946154.05551
8974603.8639
9126313.45681
9407700.4843
9352668.91438
9611922.54556
9533660.67163
9855644.85432
9672890.18916
10196819.2853
10514936.4669
10347300.1624
10617115.5902
11252445.9726
11055705.9276
11083566.3375
11361135.1607
11490877.3368
11616214.9821
11915003.8726
11904411.7672
11776645.345
12216588.0674
12507729.5889
12359564.9563
12691518.426
12620270.4973
12855109.8533
13131077.9289
13153140.5753
13413619.0403
13474972.9759
13733719.083
13882432.2436
13773807.9893
14027830.1406
16820210.2361
16789088.1096
16977071.3231
17266202.1159
17564331.3882
17383551.7353
17718383.6238
17819036.2878
17597501.8316
18320184.994
18586350.4357
18576698.2271
18614471.3028
19376182.4385
19257856.306
19631363.9586
19369211.3679
19989490.7747
20085622.5253
19873816.2162
21050571.5883
20714727.2267
21108822.625
21174622.3325
21767747.478
21561260.717
21707888.919
21788914.9306
21875602.624
21823957.2056
22114687.381
22251847.0016
22134020.9698
22134093.014
22289928.1841
22273917.7242
22201252.7323
22307574.909
22417397.2705
22311633.7196
22470670.2862
22846943.6967
22757995.059
23241685.8083
23580103.4706
23635066.0627
24486266.167
24765366.2926
25658036.8739
25468779.8737
26218132.6352
26292768.1875
27123229.1924
27095041.5134
27766545.7102
27708924.5327
28135962.5404
28483707.8882
29170150.5392
29380533.3405
29729199.8574
29942348.1789
31051804.2816
31488111.6021
32013535.0191
32216807.475
32281320.0716
33434695.5762
34243264.1966
35586859.3974
35537772.3854
36077159.2624
36428878.7309
36353850.4812
36927751.5769
38103110.0797
39042758.0753
38656302.6164
39582378.0624
40061715.4143
40917143.8503
41058634.9603
42269959.3734
42461305.4213
42787874.8831
44132433.1656
43770036.0364
44922991.5421
45669367.5478
46964779.7584
47050585.5834
47227593.8748
48529134.2411
48266308.7443
48987092.8774
48792310.6292
49421817.8907
50448864.6151
50112318.4939
50577734.348
52082807.9223
51814629.5345
52266667.3926
52820229.0149
53347289.8835
54598225.977
54695194.3014
55530034.8632
56956328.3171
56273035.1795
57699520.0837
58130333.7808
59368619.7632
60190761.2236
60161189.8902
61036257.2519
62596002.6803
62496034.5834
63018915.0353
63828645.2349
65139487.6786
65973750.579
67284200.3567
67481442.0307
67663784.5129
68388498.0164
68807200.4601
70675216.3332
72467807.2237
72777281.7284
73687799.1515
74588470.4072
76452490.38
76319561.0294
76695463.077
77272615.02
77553635.0561
77708912.0585
78726414.3331
79889578.7624
79815509.6997
80429553.6921
80853716.4073
81881425.0191
82106729.0853
82146337.6532
83031693.8214
83133167.8865
83980451.8599
84341110.1725
84315909.9222
84974807.3252
86490767.8034
86052922.5254
87531167.1934
88285524.4386
89080276.7837
89431146.7682
91130152.2711
92288342.5722
93238581.8626
94409986.8408
95521890.5758
97675280.2381
98993360.1681
99325486.5631
100902687.984
102554387.517
103740495.88
105307590.721
105921982.711
108130683.158
110339652.591
110296227.194
114363282.638
115780516.11
117885735.139
119958348.943
120704879.521
123251442.294
126628508.961
128992113.921
132238700.667
136362779.403
135830741.738
137337890.747
141432389.915
142831436.637
145618077.987
147494589.607
150117383.337
153252830.852
155194118.079
157171849.895
159515161.345
161214060.202
161054558.664
161738473.901
162523591.119
162632261.948
164121208.731
167565941.829
170229495.066
175204938.976
177903144.813
267140300.735
272050426.351
277460401.66
280058617.128
292780467.756
294186738.594
299831023.117
306379204.067
317531355.454
316958310.112
318224229.871
319930398.316
320532809.075
322421707.788
324033490.822
324779640.812
325400225.491
327770684.805
331550554.858
334872053.568
335760429.048
336783153.217
337937512.983
341100209.505
342155507.825
343582544.594
345984078.347
349268178.643
352115418.026
352943216.062
354805728.762
358532553.702
361762880.621
363550466.634
364844793.95
367427205.113
368930006.347
372641367.936
374225316.169
375502431.338
377851916.029
377579079.853
379932129.257
385815224.293
390013740.653
395568004.58
399902999.39
405378808.916
408245392.343
417474894.038
421976405.355
428686582.445
433307934.32
437804611.309
438653859.831
442185364.608
444513741.706
444932462.215
441075515.683
442155939.773
443044465.339
444582060.596
445410704.468
445969428.53
446963441.784
448366621.503
449978338.055
450925542.56
453352066.102
453535431.779
455065854.213
456501739.875
458871225.207
462037389.992
462800442.654
463304940.296
465502489.966
467535796.479
469523384.07
471783070.46
474129030.426
476318872.582
477106631.928
479746294.454
482646314.847
485089423.967
487612100.67
491219809.831
493122088.81
497353389.998
499112238.906
501787788.798
505586617.843
526579797.976
528945222.007
532771560.695
537703248.867
540717278.432
544366488.913
550870567.918
554937575.936
558002803.318
562356996.615
564581511.221
568968404.968
578858164.065
589142992.167
592280661.287
597574136.57
598813930.555
601123308.679
606789674.538
607995761.268
609123844.847
615072217.334
617993803.783
620378429.686
624217037.689
632109367.376
632960485.725
636129882.465
640738075.99
651496248.8
659047178.202
662004076.518
664185064.912
671435057.514
680301717.762
685160037.749
690106313.468
692468525.74
290120.853271
290120.853271
290120.853271
290120.853271
290120.853271
290120.853271
290120.853271
290120.853271
290120.853271
290120.853271
290120.853271
290120.853271
290120.853271
290120.853271
290120.853271
290120.853271
290120.853271
290120.853271
290120.853271
290120.853271
290120.853271
290120.853271
290120.853271
290120.853271
290120.853271
290120.853271
290120.853271
290120.853271
290120.853271
290120.853271
290120.853271
290120.853271
290120.853271
290120.853271
290120.853271
290120.853271
290120.853271
290120.853271
290120.853271
290120.853271
290120.853271
290120.853271
290120.853271
290120.853271
290120.853271
290120.853271
290120.853271
290120.853271
290120.853271
290120.853271
3534448.76846
3635657.96762
3521186.94866
3459051.32006
3521066.05199
3593549.34833
3522520.14139
2482229.8443
2437932.96289
2561260.27989
2544331.24317
2483298.7267
2453267.81496
2576530.80242
2534916.69003
2504881.5583
2509421.52214
2574663.20569
2524072.21736
2477378.87083
2472840.15486
2526025.25902
2530622.53885
2461953.05979
2417163.09793
2511468.58688
2503466.07923
2455125.15663
2403043.46573
2419452.90845
2459492.62271
2452968.37803
2400501.49364
2429333.77094
2415443.52375
2405237.30461
2396941.26746
2434869.02971
1882452.0454
1857792.09437
1847186.92539
1852350.31132
1861269.08746
1835894.85795
1840792.1007
1866623.138
1863473.09872
1839845.57121
1821884.45572
1801994.38643
1856469.01946
1830535.07872
1804037.29348
1795380.06723
1809812.51321
1813161.25328
1794933.87947
1772804.83391
1760195.16966
1776030.27489
1781398.55386
1736945.31126
1744927.10509
1729936.08427
1430107.79186
1426659.8314
1439834.5905
1443181.13623
1418229.65366
1396565.53427
1408638.33954
1428053.98233
1415968.07603
1148461.74205
1140604.65547
1154989.16716
1163045.78921
1151107.81178
1153888.63306
1137514.85755
1127160.35319
1118090.92582
1139795.71595
1136589.84732
1082795.91527
1079746.43114
1073313.11608
1063319.98458
1056421.76733
1047076.53856
1042779.46717
1043036.29087
1047277.41658
1046276.04123
1039564.38728
1032675.50332
1030870.49785
1024682.85946
1015587.41738
972613.429048
964619.025923
988728.749082
981718.798488
943514.077879
930969.544626
922921.087771
923153.956738
925166.9374
2604694.23585
2591431.47787
2593422.74532
2582468.37556
2569062.75731
2557695.23065
2542311.16024
2529450.19315
2520192.96929
2525741.09596
2476034.77165
2463563.14122
2446431.46182
2442809.92275
2446959.9845
2436914.92657
2415921.90147
2306914.36649
2295783.31418
2298720.45263
2298926.02247
2286808.7824
2272431.32005
2013776.03166
1971249.67637
1970007.43077
1954031.10189
1950363.41642
1954852.49851
1916229.73757
1912000.37431
1926179.30459
1925105.66696
1902984.9683
1888457.073
1877403.0273
1889366.19198
1891177.43626
1867071.25674
1858017.0912
1850388.24501
1842292.6125
1855771.70205
1858755.52132
1681635.65869
1692584.41351
1682198.80508
1675541.30458
1672578.40104
1640203.98853
1629727.07218
1615732.39808
1608843.60807
1609966.51884
1609634.1741
1505138.80672
1479141.66376
1484377.14962
1472290.85762
1470181.13354
1472649.74375
1468325.94152
1456354.3015
1451521.01156
1446947.01137
1445299.41859
1442775.08294
1429422.19714
1426896.4887
1431152.9313
1414878.61413
1417174.28914
1410256.79414
1405497.72085
1358838.95196
1352976.81423
1356707.60162
1353016.2018
1348370.42251
1343906.69797
1338764.68447
1333988.75889
1329113.844
1322352.23607
1317386.60813
1314011.16229
1311312.55362
1309212.99172
1307822.88814
1306220.53847
1303540.09617
1301214.63919
1298354.47555
1294421.68414
1290184.0571
1288036.3326
1253723.5071
1250789.13408
1248124.99078
1245622.65388
1242293.24347
1239133.27526
1236582.95813
1233949.19313
1231085.54378
1227680.0612
2036819.57442
2028330.30488
2019278.16939
2012399.43789
1603858.66014
1595623.0252
1588166.24342
1580694.59706
1574627.83677
1569298.10892
1564320.2485
1515645.57102
1513837.869
1513282.84239
1505237.14571
1492138.72445
1435285.35683
1429558.76648
1428160.05231
1423452.14999
1416947.99379
1409264.21143
1402465.65764
1398465.5209
1398153.55794
1389937.18455
1340344.49036
1333095.48727
1332437.51188
1330038.3806
1330131.51488
1327721.06751
1280131.89746
1278420.28701
1278843.44237
1276233.0132
1271301.81947
1264675.96856
1258760.52457
1255350.38593
1256858.04183
1258798.90957
1255235.26694
1247942.64643
1245490.48527
1249331.2604
1249708.56656
1243152.62593
1204478.31859
1180545.14133
1179258.85871
1175850.2315
1170400.08098
1166775.87634
1165586.54335
1161794.20165
1158114.72011
1155364.44177
1154313.47928
1153353.64387
1152303.55726
1151005.34892
1149108.50393
1146295.93142
1144574.83001
1142733.62535
1140739.21293
1138909.81172
1137051.71793
1135223.86461
1133522.50547
1131640.70294
1129743.24241
1130832.81536
1128432.7256
1112301.0036
1110066.17422
1108989.38919
1106822.23556
1103211.47887
1100277.1825
1098380.76158
1096682.86933
1093841.29279
1091073.60168
1088406.99094
1086679.41714
1086015.26863
1085476.28439
1083996.16974
1081526.66521
1079802.42033
1077688.69236
1075364.57335
1073932.72486
1072613.04304
1070764.15747
1068303.24909
1065257.71887
1054702.75487
1051766.00374
1048324.71487
1044945.89541
1041501.33882
1037995.27763
1036355.99461
1033575.72516
1031767.37472
1030559.95734
1029414.15306
1028072.24501
1026811.4718
1025718.13821
1024546.59709
1023180.68966
1022188.46027
1020999.05541
1019703.75446
1018322.13147
1008166.40258
1006040.88136
2103349.46563
2099429.80796
2073549.80747
2069261.81683
1977248.82726
1942456.34539
1841626.79111
1826683.1531
1810641.91571
1762110.98211
1757556.06732
1635700.84234
1597293.80798
1465557.66757
1460679.94621
1437482.78106
1421142.56982
1421891.27327
1413871.56864
1341301.33423
1337471.73901
1333826.40673
1330634.75243
1327611.64084
1325415.60453
1324355.65048
1322861.57099
1321847.48041
1320878.05706
1319590.51227
1310245.75392
1307425.91016
1304319.30099
1300688.95371
1295563.73019
1291747.24762
1287771.21198
1283171.81815
1279055.06135
1230565.96778
1229172.98451
1229083.93458
1226674.96262
1223462.25639
1220439.1146
1217399.53026
1214107.26838
1184291.54403
1183298.97266
1182294.69841
1180460.28583
1177649.11658
1176193.56383
1176147.55864
1175396.6034
1172544.32259
1169750.80405
1154585.18588
1065855.77896
1062819.93376
1059988.10731
1058308.93727
1055088.7786
937290.170153
933636.712314
930095.87391
926604.416616
924320.835034
901101.014231
898295.515784
898711.81605
897942.936656
896333.699908
894177.392387
892583.991532
891507.164385
890196.799914
887274.720854
884494.175884
839810.10217
837773.620734
835358.65696
833164.931663
831170.129425
830580.96581
831182.953312
828492.16104
826107.439346
824161.737943
823394.368491
822958.982871
822326.096107
820660.34136
819481.084492
816983.800847
815608.571772
815034.947849
813592.673942
811240.141817
796636.088447
788209.556113
786652.224592
787416.972879
786976.917445
786432.471647
785257.780242
783960.922864
782568.903548
782463.982539
780383.515687
777933.094805
775316.849046
772791.141509
771123.694208
769467.549536
767877.766884
766596.828771
765255.503057
290120.853271
290120.853271
290120.853271
290120.853271
290120.853271
290120.853271
290120.853271
290120.853271
290120.853271
290120.853271
290120.853271
